290630197458501633
240954858696474624
196069761082327041
132258480798040065
183383346569543681
290550631591182336
297185799584350208
291019307759042563
234395307759108106
279084105134768128
279084105134768128
290550631591182336
290550631591182336
290550631591182336
290550631591182336
279084105134768128
290550631591182336
132258480798040065
183383346569543681
196069761082327041
240954858696474624
240954858696474624
183383346569543681
183383346569543681
297185799584350208
290550631591182336
240954858696474624
240954858696474624
250447579245051906
290550631591182336
240954858696474624
279084105134768128
183383346569543681
240954858696474624
161921661346643968
290630197458501633
290630197458501633
161921661346643968
196069761082327041
196069761082327041
196069761082327041
196069761082327041
196069761082327041
196069761082327041
196069761082327041
196069761082327041
290630197458501633
183383346569543681
171783723438571520
290550631591182336
183383346569543681
161921661346643968
183383346569543681
240954858696474624
183383346569543681
183383346569543681
302186351699165184
302186351699165184
183383346569543681
183383346569543681
183383346569543681
183383346569543681
240954858696474624
300622802493505536
183383346569543681
183383346569543681
183383346569543681
164017081107480577
133367176269791232
290630197458501633
290630197458501633
234395307759108106
196069761082327041
196069761082327041
196069761082327041
196069761082327041
196069761082327041
196069761082327041
196069761082327041
196069761082327041
196069761082327041
196069761082327041
196069761082327041
196069761082327041
196069761082327041
196069761082327041
196069761082327041
196069761082327041
196069761082327041
196069761082327041
196069761082327041
196069761082327041
290630197458501633
183383346569543681
196069761082327041
290630197458501633
196069761082327041
183383346569543681
234395307759108106
234395307759108106
300622802493505536
300622802493505536
240954858696474624
240954858696474624
240954858696474624
240954858696474624
300622802493505536
311189921769586690
279084105134768128
240954858696474624
163453343610437632
311189921769586690
240954858696474624
240954858696474624
240954858696474624
240954858696474624
240954858696474624
240954858696474624
240954858696474624
240954858696474624
240954858696474624
240954858696474624
240954858696474624
240954858696474624
240954858696474624
240954858696474624
240954858696474624
240954858696474624
240954858696474624
240954858696474624
240954858696474624
240954858696474624
240954858696474624
240954858696474624
240954858696474624
240954858696474624
240954858696474624
240954858696474624
240954858696474624
240954858696474624
240954858696474624
240954858696474624
240954858696474624
240954858696474624
240954858696474624
240954858696474624
240954858696474624
240954858696474624
240954858696474624
240954858696474624
240954858696474624
240954858696474624
240954858696474624
240954858696474624
240954858696474624
240954858696474624
240954858696474624
240954858696474624
311189921769586690
234395307759108106
183383346569543681
240954858696474624
240954858696474624
311189921769586690
240954858696474624
300622802493505536
582011578161823744
311189921769586690
311189921769586690
240954858696474624
171783723438571520
300622802493505536
300622802493505536
311189921769586690
300622802493505536
240954858696474624
240954858696474624
240954858696474624
300622802493505536
234395307759108106
297185799584350208
297185799584350208
164017081107480577
164017081107480577
290630197458501633
290630197458501633
311189921769586690
173243535737356289
240954858696474624
300622802493505536
183383346569543681
240954858696474624
196069761082327041
240954858696474624
311189921769586690
240954858696474624
300622802493505536
173243535737356289
240954858696474624
240954858696474624
164017081107480577
163453343610437632
595101104048570369
